缺陷普查（只读）—— 糊成一块 / 楼层错位 / 楼梯 / 门窗
========================================================================================================
楼          层      墙数      墙面积    墙/轮廓     巨块     最大块      门      窗     窗洞    楼梯井  相邻层质心位移
--------------------------------------------------------------------------------------------------------
c006       0     319      340    0.06      0       8    113    178      0      2  
c006       1     404      373    0.07      0      14     96    193      0      2  0.00 m
c006       2     383      449    0.08      0      14     94    222      0      2  0.00 m
c006       3     380      449    0.08      0      14     94    222      0      2  0.00 m
c006       4     348      381    0.07      0      14     86    204      0      2  0.00 m
c006       5     339      404    0.07      0      18     86    204      0      2  0.00 m
c006       6     106       84    0.01      0      14     33     32      0      2  0.58 m
c006       7     107       89    0.10      0       9     25     42      0      2  1.66 m
c006       8     108       91    0.10      0       9     25     42      0      2  0.00 m
c006       9     107       89    0.10      0       9     25     42      0      2  0.00 m
c006      10     107       91    0.10      0       9     25     42      0      2  0.00 m
--------------------------------------------------------------------------------------------------------
c009       0      12      406    0.16      2     305      5    110     20      0    ← 巨块
c009       1      41      802    0.32      3     305     33    110     67      4  0.00 m  ← 巨块
c009       2      31      804    0.32      4     305     19    110     69      3  0.00 m  ← 巨块
c009       3      31      789    0.32      5     305     18    110     68      3  0.00 m  ← 巨块
c009       4      32      809    0.32      3     305     18    110     72      3  0.00 m  ← 巨块
c009       5      25      789    0.32      5     305     18    110     71      3  0.00 m  ← 巨块
--------------------------------------------------------------------------------------------------------
c017       0     226      130    0.12      1      58     32     27      1      0    ← 巨块
c017       1     569      204    0.18      1      58     99     27      1      0  0.00 m  ← 巨块
c017       2     560      204    0.18      1      58     99     27      1      0  0.00 m  ← 巨块
c017       3     560      204    0.18      1      58     99     27      1      0  0.00 m  ← 巨块
c017       4     553      201    0.18      1      58     98     27      1      0  0.00 m  ← 巨块
c017       5     553      201    0.18      1      58     98     27      1      0  0.00 m  ← 巨块
c017       6     553      201    0.18      1      58     98     27      1      0  0.00 m  ← 巨块
--------------------------------------------------------------------------------------------------------
c018       0     571      164    0.17      0      48    121      5      1      2  
c018       1     549      159    0.17      0      50    117      7      1      2  1.32 m
c018       2     555      161    0.17      0      50    119      7      1      2  0.09 m
c018       3     556      163    0.17      0      50    120      7      1      2  0.09 m
c018       4     554      161    0.17      0      50    119      7      1      2  0.09 m
c018       5     555      162    0.17      0      50    119      7      1      2  0.09 m
--------------------------------------------------------------------------------------------------------
c019       0     307      193    0.13      0      46     45     40      2      1  
c019       1     390      225    0.15      1      78     39     40      1      1  0.00 m  ← 巨块
c019       2     386      221    0.15      1      78     37     40      1      1  0.00 m  ← 巨块
c019       3     387      222    0.15      1      78     37     40      1      1  0.00 m  ← 巨块
c019       4     386      222    0.15      1      78     37     40      2      1  0.00 m  ← 巨块
c019       5     385      222    0.15      1      78     37     40      2      1  0.00 m  ← 巨块
c019       6     387      223    0.15      1      76     37     40      1      1  0.00 m  ← 巨块
--------------------------------------------------------------------------------------------------------
c022       0       4       73    0.06      0      46      8     20     10      2  
c022       1     116      121    0.10      0      46     15     20      1      3  0.00 m
c022       2     120      119    0.10      0      46      9     20      1      1  0.00 m
c022       3      99      132    0.11      0      46     24     20      1      1  0.00 m
c022       4      97      131    0.11      0      46     23     20      1      1  0.00 m
c022       5     138      137    0.11      0      46     32     20      1      1  0.00 m
c022       6      99      132    0.11      0      46     24     20      1      1  0.00 m
--------------------------------------------------------------------------------------------------------
c025       0     303      161    0.15      1      66     93     14      1      2    ← 巨块
c025       1     240      146    0.14      1      67     81     11      1      2  2.49 m  ← 巨块
c025       2     253      153    0.14      1      67     86     11      1      2  0.66 m  ← 巨块
--------------------------------------------------------------------------------------------------------
c026       0     135      141    0.13      0      43     20     21      1      2  
c026       1     124      144    0.13      0      43     23     21      1      2  0.00 m
c026       2     141      153    0.14      0      43     25     21      1      2  0.00 m
c026       3     119      140    0.13      0      43     19     21      1      2  0.00 m
c026       4     112      122    0.11      0      43     16     21      1      3  0.00 m
c026       5     113      122    0.11      0      43     16     21      1      3  0.00 m
--------------------------------------------------------------------------------------------------------
c027       0     477      233    0.10      1      65     61     28      1      2    ← 巨块
c027       1     125       81    0.14      0      30     24     15      1      1  6.21 m  ← 可疑
c027       2     121       81    0.14      0      30     22     15      1      1  0.00 m
c027       3     125       83    0.15      0      30     22     15      1      1  0.00 m
c027       4     124       81    0.14      0      30     24     15      1      1  0.00 m
c027       5     142       85    0.15      0      30     27     15      1      1  1.05 m
c027       6     126       82    0.15      0      30     25     15      1      1  0.00 m
c027       7     123       73    0.13      0      30     19     15      1      1  1.05 m
--------------------------------------------------------------------------------------------------------
c028       0     272      151    0.14      1      66     86     17      1      2    ← 巨块
c028       1     234      142    0.13      1      67     79     11      1      2  2.36 m  ← 巨块
c028       2     213      137    0.13      1      67     74     11      1      2  0.02 m  ← 巨块
--------------------------------------------------------------------------------------------------------
c029       0     242      128    0.16      1      58     36     28      1      3    ← 巨块
c029       1     242      128    0.16      1      58     36     28      1      3  0.00 m  ← 巨块
c029       2     242      128    0.16      1      58     36     28      1      3  0.00 m  ← 巨块
c029       3     242      128    0.16      1      58     36     28      1      3  0.00 m  ← 巨块
c029       4     242      128    0.16      1      58     36     28      1      3  0.00 m  ← 巨块
c029       5     242      128    0.16      1      58     36     28      1      3  0.00 m  ← 巨块
--------------------------------------------------------------------------------------------------------
c030       0     190       80    0.15      0      29     27     14      1      2  
c030       1     189       80    0.15      0      29     29     15      1      2  7.43 m  ← 可疑
c030       2     184       79    0.15      0      29     29     15      1      2  0.00 m
c030       3     189       80    0.15      0      29     29     15      1      2  0.00 m
c030       4     189       80    0.15      0      29     29     15      1      2  0.00 m
c030       5     189       80    0.15      0      29     29     15      1      2  0.00 m
c030       6     189       80    0.15      0      29     29     15      1      2  0.00 m
--------------------------------------------------------------------------------------------------------
c031       0     163       69    0.15      0      27     23     12      1      2  
c031       1     165       69    0.15      0      26     25     13      1      2  4.23 m  ← 可疑
c031       2     165       69    0.15      0      26     25     13      1      2  0.00 m
c031       3     165       69    0.15      0      26     25     13      1      2  0.00 m
c031       4     165       69    0.15      0      26     25     13      1      2  0.00 m
c031       5     165       69    0.15      0      26     25     13      1      2  0.00 m
--------------------------------------------------------------------------------------------------------
c032       0     339      133    0.14      0      44     51     20      1      2  
c032       1     345      135    0.14      0      44     53     21      1      2  3.78 m  ← 可疑
c032       2     345      135    0.14      0      44     53     21      1      2  0.00 m
c032       3     345      135    0.14      0      44     53     21      1      2  0.00 m
c032       4     345      135    0.14      0      44     53     21      1      2  0.00 m
c032       5     345      135    0.14      0      44     53     21      1      2  0.00 m
--------------------------------------------------------------------------------------------------------
c033       0     313      124    0.14      0      42     47     19      1      2  
c033       1     266      114    0.13      0      41     49     20      1      2  3.57 m  ← 可疑
c033       2     266      114    0.13      0      41     49     20      1      2  0.00 m
c033       3     266      114    0.13      0      41     49     20      1      2  0.00 m
c033       4     266      114    0.13      0      41     49     20      1      2  0.00 m
c033       5     266      114    0.13      0      41     49     20      1      2  0.00 m
--------------------------------------------------------------------------------------------------------
c034       0     239      205    0.09      1      69     35     31      1      0    ← 巨块
c034       1     415      244    0.11      1      69     76     31      1      0  0.00 m  ← 巨块
c034       2     412      244    0.11      1      69     76     31      1      0  0.00 m  ← 巨块
c034       3     414      244    0.11      1      69     76     31      1      0  0.00 m  ← 巨块
c034       4     342      197    0.09      1      69     44     31      1      0  0.00 m  ← 巨块
c034       5     342      197    0.09      1      69     44     31      1      0  0.00 m  ← 巨块
--------------------------------------------------------------------------------------------------------
c041       0     244      140    0.13      1      54     53     22      1      2    ← 巨块
c041       1     156      126    0.11      1      54     34     22      1      2  0.00 m  ← 巨块
c041       2     148      129    0.12      1      54     34     22      1      1  0.00 m  ← 巨块
c041       3     131      122    0.11      1      54     31     22      1      1  0.00 m  ← 巨块
c041       4     131      122    0.11      1      54     31     22      1      1  0.00 m  ← 巨块
c041       5     130      115    0.10      1      54     30     22      1      1  0.00 m  ← 巨块
--------------------------------------------------------------------------------------------------------
c043       0     454      216    0.16      1      73     66     48      1      2    ← 巨块
c043       1     454      216    0.16      1      73     66     34      1      2  0.00 m  ← 巨块
c043       2     454      216    0.16      1      73     66     34      1      2  0.00 m  ← 巨块
c043       3     454      216    0.16      1      73     66     34      1      2  0.00 m  ← 巨块
c043       4     454      216    0.16      1      73     66     34      1      2  0.00 m  ← 巨块
c043       5     454      216    0.16      1      73     66     34      1      2  0.00 m  ← 巨块
c043       6     454      216    0.16      1      73     66     34      1      2  0.00 m  ← 巨块
--------------------------------------------------------------------------------------------------------
c044       0     442      195    0.22      1      63    113     30      1      0    ← 巨块
c044       1     451      194    0.22      1      59    113     30      1      0  2.33 m  ← 巨块
c044       2     451      194    0.22      1      59    113     30      1      0  0.00 m  ← 巨块
c044       3     451      194    0.22      1      59    113     30      1      0  0.00 m  ← 巨块
c044       4     451      194    0.22      1      59    113     30      1      0  0.00 m  ← 巨块
c044       5     451      194    0.22      1      59    113     30      1      0  0.00 m  ← 巨块
c044       6     451      194    0.22      1      59    113     30      1      0  0.00 m  ← 巨块
--------------------------------------------------------------------------------------------------------
c045       0     453      206    0.23      1      62    115     30      1      0    ← 巨块
c045       1     458      204    0.23      1      59    114     30      1      0  2.75 m  ← 巨块
c045       2     458      204    0.23      1      59    114     30      1      0  0.00 m  ← 巨块
c045       3     458      204    0.23      1      59    114     30      1      0  0.00 m  ← 巨块
c045       4     458      204    0.23      1      59    114     30      1      0  0.00 m  ← 巨块
c045       5     458      204    0.23      1      59    114     30      1      0  0.00 m  ← 巨块
c045       6     458      204    0.23      1      59    114     30      1      0  0.00 m  ← 巨块
--------------------------------------------------------------------------------------------------------
c046       0    1564      567    0.19      1     205    301     25      3      2    ← 巨块
c046       1    1564      567    0.19      1     205    301     25      3      2  0.00 m  ← 巨块
c046       2    1564      567    0.19      1     205    301     25      3      2  0.00 m  ← 巨块
c046       3    1564      567    0.19      1     205    301     25      3      2  0.00 m  ← 巨块
c046       4    1564      567    0.19      1     205    301     25      3      2  0.00 m  ← 巨块
c046       5    1564      567    0.19      1     205    301     25      3      2  0.00 m  ← 巨块
--------------------------------------------------------------------------------------------------------
c054       0    1220      457    0.10      1      82    160     43      1      0    ← 巨块
c054       1    1210      440    0.10      1      82    160     43      1      0  0.00 m  ← 巨块
c054       2    1209      441    0.10      1      82    160     43      1      0  0.00 m  ← 巨块
c054       3    1209      441    0.10      1      82    160     43      1      0  0.00 m  ← 巨块
c054       4    1209      439    0.10      1      82    160     43      1      0  0.00 m  ← 巨块
c054       5    1210      438    0.10      1      82    160     43      1      0  0.00 m  ← 巨块
--------------------------------------------------------------------------------------------------------
c055       0    1245      472    0.11      1      82    160     43      1      0    ← 巨块
c055       1    1233      440    0.10      1      82    160     43      1      0  0.00 m  ← 巨块
c055       2    1234      439    0.10      1      82    160     43      1      0  0.00 m  ← 巨块
c055       3    1234      439    0.10      1      82    160     43      1      0  0.00 m  ← 巨块
c055       4    1234      439    0.10      1      82    160     43      1      0  0.00 m  ← 巨块
c055       5    1233      440    0.10      1      82    160     43      1      0  0.00 m  ← 巨块
--------------------------------------------------------------------------------------------------------
c056       0     587      226    0.15      1      64     82     31      1      1    ← 巨块
c056       1     633      232    0.15      1      63     86     31      1      1  3.45 m  ← 可疑  ← 巨块
c056       2     633      232    0.15      1      63     86     31      1      1  0.00 m  ← 巨块
c056       3     633      232    0.15      1      63     86     31      1      1  0.00 m  ← 巨块
c056       4     633      236    0.16      1      63     86     31      1      1  0.00 m  ← 巨块
c056       5     633      236    0.16      1      63     86     31      1      1  0.00 m  ← 巨块
--------------------------------------------------------------------------------------------------------
c057       0     582      227    0.15      1      64     82     31      1      1    ← 巨块
c057       1     614      230    0.15      1      63     86     31      1      1  6.73 m  ← 可疑  ← 巨块
c057       2     614      230    0.15      1      63     86     31      1      1  0.45 m  ← 巨块
c057       3     614      230    0.15      1      63     86     31      1      1  0.45 m  ← 巨块
c057       4     614      230    0.15      1      63     86     31      1      1  0.45 m  ← 巨块
c057       5     629      232    0.15      1      63     86     31      1      1  4.49 m  ← 可疑  ← 巨块
--------------------------------------------------------------------------------------------------------
c059       0     306      127    0.14      0      41     45     20      1      2  
c059       1     314      126    0.14      0      41     46     21      1      2  6.20 m  ← 可疑
c059       2     314      126    0.14      0      41     46     21      1      2  0.00 m
c059       3     314      126    0.14      0      41     46     21      1      2  0.00 m
c059       4     314      126    0.14      0      41     46     21      1      2  0.00 m
c059       5     314      126    0.14      0      41     46     21      1      2  0.00 m
--------------------------------------------------------------------------------------------------------
c060       0     601      233    0.14      1      67     87     33      1      2    ← 巨块
c060       1     595      230    0.14      1      67     87     33      1      2  0.00 m  ← 巨块
c060       2     596      230    0.14      1      67     87     33      1      2  0.00 m  ← 巨块
c060       3     596      230    0.14      1      67     87     33      1      2  0.00 m  ← 巨块
c060       4     596      230    0.14      1      67     87     33      1      2  0.00 m  ← 巨块
c060       5     596      230    0.14      1      67     87     33      1      2  0.00 m  ← 巨块
--------------------------------------------------------------------------------------------------------
c061       0     654      253    0.14      1      71     98     35      1      2    ← 巨块
c061       1     653      251    0.14      1      71     98     35      1      2  0.00 m  ← 巨块
c061       2     653      251    0.14      1      71     98     35      1      2  0.00 m  ← 巨块
c061       3     653      251    0.14      1      71     98     35      1      2  0.00 m  ← 巨块
c061       4     653      251    0.14      1      71     98     35      1      2  0.00 m  ← 巨块
c061       5     653      251    0.14      1      71     98     35      1      2  0.00 m  ← 巨块
--------------------------------------------------------------------------------------------------------
c062       0     188      204    0.09      1      74     24     40      1      2    ← 巨块
c062       1     685      272    0.12      1      74     98     40      1      2  0.00 m  ← 巨块
c062       2     685      272    0.12      1      74     98     40      1      2  0.00 m  ← 巨块
c062       3     685      272    0.12      1      74     98     40      1      2  0.00 m  ← 巨块
c062       4     685      272    0.12      1      74     98     40      1      2  0.00 m  ← 巨块
c062       5     685      272    0.12      1      74     98     40      1      2  0.00 m  ← 巨块
--------------------------------------------------------------------------------------------------------
c063       0     182      189    0.08      1      74     22     40      1      2    ← 巨块
c063       1     684      272    0.12      1      74     98     40      1      2  0.00 m  ← 巨块
c063       2     684      272    0.12      1      74     98     40      1      2  0.00 m  ← 巨块
c063       3     684      272    0.12      1      74     98     40      1      2  0.00 m  ← 巨块
c063       4     684      272    0.12      1      74     98     40      1      2  0.00 m  ← 巨块
c063       5     684      272    0.12      1      74     98     40      1      2  0.00 m  ← 巨块
--------------------------------------------------------------------------------------------------------
c064       0     655      250    0.14      1      71     97     35      1      2    ← 巨块
c064       1     654      247    0.14      1      71     98     35      1      2  0.00 m  ← 巨块
c064       2     654      247    0.14      1      71     98     35      1      2  0.00 m  ← 巨块
c064       3     654      247    0.14      1      71     98     35      1      2  0.00 m  ← 巨块
c064       4     654      247    0.14      1      71     98     35      1      2  0.00 m  ← 巨块
c064       5     654      247    0.14      1      71     98     35      1      2  0.00 m  ← 巨块
--------------------------------------------------------------------------------------------------------
c065       0     654      253    0.14      1      71     98     35      1      2    ← 巨块
c065       1     653      251    0.14      1      71     98     35      1      2  0.00 m  ← 巨块
c065       2     653      251    0.14      1      71     98     35      1      2  0.00 m  ← 巨块
c065       3     653      251    0.14      1      71     98     35      1      2  0.00 m  ← 巨块
c065       4     653      251    0.14      1      71     98     35      1      2  0.00 m  ← 巨块
c065       5     653      251    0.14      1      71     98     35      1      2  0.00 m  ← 巨块
--------------------------------------------------------------------------------------------------------
c072       0     945      471    0.10      1      98    146     48      1      2    ← 巨块
c072       1     902      451    0.10      1      98    138     48      1      2  0.00 m  ← 巨块
c072       2     931      471    0.10      1      98    154     48      1      2  0.00 m  ← 巨块
c072       3     869      440    0.10      1      98    128     48      1      2  0.00 m  ← 巨块
c072       4     868      434    0.10      1      98    128     48      1      2  0.00 m  ← 巨块
c072       5     867      434    0.10      1      98    128     48      1      2  0.00 m  ← 巨块
--------------------------------------------------------------------------------------------------------
c073       0     948      471    0.10      1      98    147     48      1      2    ← 巨块
c073       1     901      451    0.10      1      98    138     48      1      2  0.00 m  ← 巨块
c073       2     931      471    0.10      1      98    154     48      1      2  0.00 m  ← 巨块
c073       3     869      440    0.10      1      98    128     48      1      2  0.00 m  ← 巨块
c073       4     868      434    0.10      1      98    128     48      1      2  0.00 m  ← 巨块
c073       5     867      434    0.10      1      98    128     48      1      2  0.00 m  ← 巨块
--------------------------------------------------------------------------------------------------------
c079       0     500      297    0.15      1      96     68     33      1      0    ← 巨块
c079       1     497      299    0.15      1      96     64     33      1      0  0.00 m  ← 巨块
c079       2     523      311    0.15      1      96     74     33      1      0  0.00 m  ← 巨块
c079       3     490      283    0.14      1      96     62     33      1      0  0.00 m  ← 巨块
c079       4     490      283    0.14      1      96     62     33      1      0  0.00 m  ← 巨块
c079       5     490      283    0.14      1      96     62     33      1      0  0.00 m  ← 巨块
--------------------------------------------------------------------------------------------------------
c080       0     774      473    0.15      1     152    100     49      1      0    ← 巨块
c080       1     757      463    0.14      1     152    107     49      1      0  0.00 m  ← 巨块
c080       2     807      490    0.15      1     152    126     49      1      0  0.00 m  ← 巨块
c080       3     738      438    0.14      1     152     99     49      1      0  0.00 m  ← 巨块
c080       4     738      438    0.14      1     152     99     49      1      0  0.00 m  ← 巨块
c080       5     738      438    0.14      1     152     99     49      1      0  0.00 m  ← 巨块
--------------------------------------------------------------------------------------------------------
c083       0     486      294    0.14      1      96     68     33      1      0    ← 巨块
c083       1     497      299    0.15      1      96     64     33      1      0  0.00 m  ← 巨块
c083       2     523      311    0.15      1      96     74     33      1      0  0.00 m  ← 巨块
c083       3     490      283    0.14      1      96     62     33      1      0  0.00 m  ← 巨块
c083       4     490      283    0.14      1      96     62     33      1      0  0.00 m  ← 巨块
c083       5     490      283    0.14      1      96     62     33      1      0  0.00 m  ← 巨块
--------------------------------------------------------------------------------------------------------
c084       0     510      299    0.15      1      96     68     33      1      0    ← 巨块
c084       1     493      299    0.15      1      96     62     33      1      0  0.00 m  ← 巨块
c084       2     525      311    0.15      1      96     74     33      1      0  0.00 m  ← 巨块
c084       3     493      284    0.14      1      96     62     33      1      0  0.00 m  ← 巨块
c084       4     493      284    0.14      1      96     62     33      1      0  0.00 m  ← 巨块
c084       5     493      284    0.14      1      96     62     33      1      0  0.00 m  ← 巨块
--------------------------------------------------------------------------------------------------------
c085       0     487      295    0.14      1      96     68     33      1      0    ← 巨块
c085       1     497      299    0.15      1      96     64     33      1      0  0.00 m  ← 巨块
c085       2     523      311    0.15      1      96     74     33      1      0  0.00 m  ← 巨块
c085       3     490      283    0.14      1      96     62     33      1      0  0.00 m  ← 巨块
c085       4     490      283    0.14      1      96     62     33      1      0  0.00 m  ← 巨块
c085       5     490      283    0.14      1      96     62     33      1      0  0.00 m  ← 巨块
--------------------------------------------------------------------------------------------------------
c086       0     507      303    0.15      1      96     68     33      1      0    ← 巨块
c086       1     493      299    0.15      1      96     62     33      1      0  0.00 m  ← 巨块
c086       2     525      311    0.15      1      96     74     33      1      0  0.00 m  ← 巨块
c086       3     493      284    0.14      1      96     62     33      1      0  0.00 m  ← 巨块
c086       4     493      284    0.14      1      96     62     33      1      0  0.00 m  ← 巨块
c086       5     493      284    0.14      1      96     62     33      1      0  0.00 m  ← 巨块
--------------------------------------------------------------------------------------------------------
c103       0      15     1147    0.17      5     310    104     92     41      2    ← 巨块
c103       1      15     1147    0.17      5     310    104     92     41      2  0.00 m  ← 巨块
c103       2      17     1138    0.17      5     310    102     92     41      2  0.20 m  ← 巨块
c103       3      17     1138    0.17      5     310    102     92     41      2  0.00 m  ← 巨块
c103       4      17     1138    0.17      5     310    102     92     41      2  0.00 m  ← 巨块
c103       5       2      792    0.22      2     609     57     76     31      0  3.84 m  ← 可疑  ← 巨块
--------------------------------------------------------------------------------------------------------
c104       0       6      795    0.20      2     571     59     83     33      2    ← 巨块
c104       1       4      798    0.20      2     574     56     83     35      2  1.01 m  ← 巨块
c104       2       4      797    0.20      2     573     56     83     34      2  0.00 m  ← 巨块
c104       3       4      797    0.20      2     574     56     83     34      2  0.00 m  ← 巨块
c104       4       2      863    0.22      2     680     49     83     57      2  0.01 m  ← 巨块
--------------------------------------------------------------------------------------------------------
c108       0      87       95    0.16      0      43      9     21      1      2  
c108       1      74       85    0.15      0      43      9     21      1      2  0.00 m
c108       2      75       87    0.15      0      43      9     21      1      2  0.00 m
c108       3      72       82    0.14      0      43      9     21      1      2  0.00 m
--------------------------------------------------------------------------------------------------------
c109       0     361      131    0.16      0      38     22     20      1      0  
c109       1     351      126    0.16      0      38     24     19      1      0  8.55 m  ← 可疑
c109       2     351      126    0.16      0      38     24     19      1      0  0.00 m
c109       3     351      126    0.16      0      38     24     19      1      0  0.00 m
c109       4     351      126    0.16      0      38     24     19      1      0  0.00 m
--------------------------------------------------------------------------------------------------------
c114       0     146      110    0.14      0      41     99     20      1      2  
c114       1     148      113    0.15      0      39    108     20      1      2  4.99 m  ← 可疑
c114       2     131      109    0.15      0      39    104     20      1      2  0.01 m
c114       3     131      109    0.15      0      39    104     20      1      2  0.00 m
c114       4     130      108    0.15      0      39    105     20      1      2  0.00 m
c114       5      54       63    0.09      0      39     28     20      1      0  0.02 m
--------------------------------------------------------------------------------------------------------
c116       0     156      102    0.16      0      39     23     17      1      1  
c116       1     146      101    0.16      0      38     24     19      1      1  2.65 m
c116       2     146      101    0.16      0      38     24     19      1      1  0.00 m
c116       3     146      101    0.16      0      38     24     19      1      1  0.00 m
--------------------------------------------------------------------------------------------------------
ny27       0      16      171    0.94      1     144     63     17     14      3    ← 巨块  ← 墙占比过高
ny27       1      16      171    0.94      1     144     63     17     14      3  0.00 m  ← 巨块  ← 墙占比过高
ny27       2      16      172    0.95      1     144     63     17     14      3  0.00 m  ← 巨块  ← 墙占比过高
ny27       3      16      171    0.94      1     144     63     17     14      3  0.00 m  ← 巨块  ← 墙占比过高
ny27       4      16      171    0.94      1     144     63     17     14      3  0.00 m  ← 巨块  ← 墙占比过高
ny27       5      16      171    0.94      1     144     63     17     14      3  0.00 m  ← 巨块  ← 墙占比过高
--------------------------------------------------------------------------------------------------------
ny28       0      16      172    0.95      1     144     64     17     14      3    ← 巨块  ← 墙占比过高
ny28       1      16      171    0.94      1     144     64     17     14      3  0.00 m  ← 巨块  ← 墙占比过高
ny28       2      16      171    0.94      1     144     64     17     14      3  0.00 m  ← 巨块  ← 墙占比过高
ny28       3      16      171    0.94      1     144     64     17     14      3  0.00 m  ← 巨块  ← 墙占比过高
ny28       4      16      171    0.94      1     144     64     17     14      3  0.00 m  ← 巨块  ← 墙占比过高
ny28       5      16      171    0.94      1     144     64     17     14      3  0.00 m  ← 巨块  ← 墙占比过高
--------------------------------------------------------------------------------------------------------
ny29       0      25      224    0.93      1     191     90     22     19      4    ← 巨块  ← 墙占比过高
ny29       1      21      227    0.95      1     191     82     22     19      4  0.03 m  ← 巨块  ← 墙占比过高
ny29       2      21      227    0.95      1     191     82     22     19      4  0.00 m  ← 巨块  ← 墙占比过高
ny29       3      21      227    0.95      1     191     82     22     19      4  0.00 m  ← 巨块  ← 墙占比过高
ny29       4      21      227    0.95      1     191     82     22     19      4  0.00 m  ← 巨块  ← 墙占比过高
ny29       5      21      227    0.95      1     191     82     22     19      4  0.00 m  ← 巨块  ← 墙占比过高
--------------------------------------------------------------------------------------------------------

=== 汇总 ===
有「巨块墙」的楼（36 栋）：
   c103   27 块 >50㎡
   c009   22 块 >50㎡
   c104   10 块 >50㎡
   c017   7 块 >50㎡
   c043   7 块 >50㎡
   c044   7 块 >50㎡
   c045   7 块 >50㎡
   c019   6 块 >50㎡
   c029   6 块 >50㎡
   c034   6 块 >50㎡
   c041   6 块 >50㎡
   c046   6 块 >50㎡
   c054   6 块 >50㎡
   c055   6 块 >50㎡
   c056   6 块 >50㎡
   c057   6 块 >50㎡
   c060   6 块 >50㎡
   c061   6 块 >50㎡
   c062   6 块 >50㎡
   c063   6 块 >50㎡
   c064   6 块 >50㎡
   c065   6 块 >50㎡
   c072   6 块 >50㎡
   c073   6 块 >50㎡
   c079   6 块 >50㎡
   c080   6 块 >50㎡
   c083   6 块 >50㎡
   c084   6 块 >50㎡
   c085   6 块 >50㎡
   c086   6 块 >50㎡
   ny27   6 块 >50㎡
   ny28   6 块 >50㎡
   ny29   6 块 >50㎡
   c025   3 块 >50㎡
   c028   3 块 >50㎡
   c027   1 块 >50㎡
相邻层质心位移 >3m 的层（12 处）：
   c109   f1   8.55 m
   c030   f1   7.43 m
   c057   f1   6.73 m
   c027   f1   6.21 m
   c059   f1   6.20 m
   c114   f1   4.99 m
   c057   f5   4.49 m
   c031   f1   4.23 m
   c103   f5   3.84 m
   c032   f1   3.78 m
   c033   f1   3.57 m
   c056   f1   3.45 m

注：质心只用顶点均值，**退台楼会误报** —— 它只用来筛可疑，定真伪要看构件对应（柱/楼梯/同房间）。
